 6762 alyonas+  20   0  140212  28108   1208 R 50.0
 6763 alyonas+  20   0  140476  28636   1208 R 50.0
 6777 alyonas+  20   0  162100   2128   1512 R  6.2
    1 root      20   0  193820   4540   2592 S  0.0
    2 root      20   0       0      0      0 S  0.0

 6762 alyonas+  20   0  148000  36028   1208 R 46.7
 6763 alyonas+  20   0  148264  36292   1208 R 46.7
 6789 alyonas+  20   0  162100   2128   1512 R  6.7
    1 root      20   0  193820   4540   2592 S  0.0
    2 root      20   0       0      0      0 S  0.0

 6762 alyonas+  20   0  156052  43948   1208 R 56.2
 6763 alyonas+  20   0  156316  44476   1208 R 50.0
    1 root      20   0  193820   4536   2592 S  0.0
    2 root      20   0       0      0      0 S  0.0
    4 root       0 -20       0      0      0 S  0.0

 6763 alyonas+  20   0  164500  52396   1208 R 56.2
 6762 alyonas+  20   0  163972  52132   1208 R 50.0
    1 root      20   0  193820   4536   2592 S  0.0
    2 root      20   0       0      0      0 S  0.0
    4 root       0 -20       0      0      0 S  0.0

 6762 alyonas+  20   0  177568  65596   1208 R 56.2
 6763 alyonas+  20   0  177964  65860   1208 R 43.8
    1 root      20   0  193820   4288   2344 S  0.0
    2 root      20   0       0      0      0 S  0.0
    4 root       0 -20       0      0      0 S  0.0

 6763 alyonas+  20   0  191560  79584   1220 R 37.5
 6762 alyonas+  20   0  190768  78796   1208 R 25.0
 1935 alyonas+  20   0 2993948 143768  34212 R 18.8
    1 root      20   0  193820   3632   1688 S  0.0
    2 root      20   0       0      0      0 S  0.0

 6763 alyonas+  20   0  204496  92480   1180 R 47.1
 6762 alyonas+  20   0  203836  91956   1180 R 41.2
 1935 alyonas+  20   0 2993948 130168  24564 S  5.9
    1 root      20   0  193820   2524    580 S  0.0
    2 root      20   0       0      0      0 S  0.0

 6762 alyonas+  20   0  219148 106824   1000 R 38.9
 6763 alyonas+  20   0  220072 107876   1000 R 38.9
    1 root      20   0  193820   2396    452 S  0.0
    2 root      20   0       0      0      0 S  0.0
    4 root       0 -20       0      0      0 S  0.0

 6762 alyonas+  20   0  239740 126908    492 R 38.9
 6763 alyonas+  20   0  240532 127696    492 R 27.8
   30 root      20   0       0      0      0 S  5.6
 1360 root      20   0  327720  32632  13212 S  5.6
    1 root      20   0  193820   2212    268 S  0.0

 6763 alyonas+  20   0  262444 149832    452 R 36.8
 6762 alyonas+  20   0  260596 147988    452 R 31.6
   30 root      20   0       0      0      0 S  5.3
    1 root      20   0  193820   2164    220 S  0.0
    2 root      20   0       0      0      0 S  0.0

 6763 alyonas+  20   0  281584 168828    496 R 38.9
 6762 alyonas+  20   0  279604 166984    496 R 33.3
 1935 alyonas+  20   0 2993948 104888  20396 R 11.1
 1360 root      20   0  327720  33196  13780 R  5.6
 6909 alyonas+  20   0  162100   2124   1512 R  5.6

 6762 alyonas+  20   0  294916 182288    488 R 35.0
 6763 alyonas+  20   0  297028 184396    488 R 35.0
 1935 alyonas+  20   0 2994028 101088  17712 S  5.0
 6921 alyonas+  20   0  162100   2128   1512 R  5.0
    1 root      20   0  193820   2164    220 S  0.0

 6762 alyonas+  20   0  314056 201256    448 R 36.8
 6763 alyonas+  20   0  316036 203364    448 R 31.6
   30 root      20   0       0      0      0 S  5.3
 6199 alyonas+  20   0  745164  15684   4328 R  5.3
 6861 alyonas+  20   0  162100   1088    368 S  5.3

 6762 alyonas+  20   0  332140 219472    448 R 38.9
 6763 alyonas+  20   0  334252 221580    448 R 38.9
 1935 alyonas+  20   0 2994028  93412  17788 R 11.1
   30 root      20   0       0      0      0 R  5.6
    1 root      20   0  193820   1804    208 S  0.0

 6763 alyonas+  20   0  354184 241636    500 R 36.8
 6762 alyonas+  20   0  351544 238736    500 R 31.6
   30 root      20   0       0      0      0 R  5.3
 1360 root      20   0  327800  28112  13428 R  5.3
    1 root      20   0  193820   1328    208 S  0.0

 6763 alyonas+  20   0  372796 260104    488 R 47.1
 6762 alyonas+  20   0  370288 257468    488 R 41.2
 1360 root      20   0  327800  28136  13592 S  5.9
 1935 alyonas+  20   0 2994028  86584  15604 S  5.9
    1 root      20   0  193820   1280    208 S  0.0

 6762 alyonas+  20   0  390352 276268    484 R 40.0
 6763 alyonas+  20   0  393124 279216    484 R 40.0
    1 root      20   0  193820   1012    208 S  0.0
    2 root      20   0       0      0      0 S  0.0
    4 root       0 -20       0      0      0 S  0.0

 6763 alyonas+  20   0  417280 273760    448 R 40.0
 6762 alyonas+  20   0  414244 270944    448 R 30.0
   30 root      20   0       0      0      0 R  5.0
    1 root      20   0  193820    984    200 S  0.0
    2 root      20   0       0      0      0 S  0.0

 6762 alyonas+  20   0  435496 271736    500 R 35.0
 6763 alyonas+  20   0  438400 274320    500 R 30.0
 1935 alyonas+  20   0 2994028  80608  14672 R  5.0
    1 root      20   0  193820    948    200 S  0.0
    2 root      20   0       0      0      0 S  0.0

 6763 alyonas+  20   0  458332 281420    472 R 35.0
 6762 alyonas+  20   0  455164 278312    472 R 30.0
   30 root      20   0       0      0      0 R  5.0
    1 root      20   0  193820    840    200 S  0.0
    2 root      20   0       0      0      0 S  0.0

 6762 alyonas+  20   0  486052 284728    408 R 42.1
 6763 alyonas+  20   0  489220 286984    408 R 42.1
    1 root      20   0  193820    792    156 S  0.0
    2 root      20   0       0      0      0 S  0.0
    4 root       0 -20       0      0      0 S  0.0

 6762 alyonas+  20   0  512848 289108    428 R 38.1
 6763 alyonas+  20   0  515752 291164    428 R 28.6
   30 root      20   0       0      0      0 S  4.8
 1360 root      20   0  327800  21388  10856 R  4.8
    1 root      20   0  193820    752    152 S  0.0

 6762 alyonas+  20   0  537004 294420    408 R 36.8
 6763 alyonas+  20   0  540436 296876    408 R 36.8
 7057 alyonas+  20   0  162100   2128   1512 R  5.3
    1 root      20   0  193820    748    152 S  0.0
    2 root      20   0       0      0      0 S  0.0

 6763 alyonas+  20   0  561952 304352    408 R 38.1
 6762 alyonas+  20   0  558520 302752    408 R 33.3
    1 root      20   0  193820    704    152 S  0.0
    2 root      20   0       0      0      0 S  0.0
    4 root       0 -20       0      0      0 S  0.0

 6762 alyonas+  20   0  578980 309204    408 R 31.6
 6763 alyonas+  20   0  582280 310748    492 R 26.3
   30 root      20   0       0      0      0 S 10.5
 1935 alyonas+  20   0 2994028  63824   8104 R  5.3
    1 root      20   0  193820    676    152 S  0.0

