 6763 alyonas+  20   0  140476  28636   1208 R 50.0

 6763 alyonas+  20   0  148264  36292   1208 R 46.7

 6763 alyonas+  20   0  156316  44476   1208 R 50.0

 6763 alyonas+  20   0  164500  52396   1208 R 56.2

 6763 alyonas+  20   0  177964  65860   1208 R 43.8

 6763 alyonas+  20   0  191560  79584   1220 R 37.5

 6763 alyonas+  20   0  204496  92480   1180 R 47.1

 6763 alyonas+  20   0  220072 107876   1000 R 38.9

 6763 alyonas+  20   0  240532 127696    492 R 27.8

 6763 alyonas+  20   0  262444 149832    452 R 36.8

 6763 alyonas+  20   0  281584 168828    496 R 38.9

 6763 alyonas+  20   0  297028 184396    488 R 35.0

 6763 alyonas+  20   0  316036 203364    448 R 31.6

 6763 alyonas+  20   0  334252 221580    448 R 38.9

 6763 alyonas+  20   0  354184 241636    500 R 36.8

 6763 alyonas+  20   0  372796 260104    488 R 47.1

 6763 alyonas+  20   0  393124 279216    484 R 40.0

 6763 alyonas+  20   0  417280 273760    448 R 40.0

 6763 alyonas+  20   0  438400 274320    500 R 30.0

 6763 alyonas+  20   0  458332 281420    472 R 35.0

 6763 alyonas+  20   0  489220 286984    408 R 42.1

 6763 alyonas+  20   0  515752 291164    428 R 28.6

 6763 alyonas+  20   0  540436 296876    408 R 36.8

 6763 alyonas+  20   0  561952 304352    408 R 38.1

 6763 alyonas+  20   0  582280 310748    492 R 26.3

