top - 11:26:42 up 22 min,  3 users,  load average: 3.4
Tasks: 204 total,   9 running, 195 sleeping,   0 stopp
%Cpu(s): 77.8 us, 22.2 sy,  0.0 ni,  0.0 id,  0.0 wa, 
KiB Mem :  1014756 total,    69872 free,   881304 used
KiB Swap:   839676 total,        0 free,   839676 used

  PID USER      PR  NI    VIRT    RES    SHR S %CPU
 6762 alyonas+  20   0  578980 309204    408 R 31.6
 6763 alyonas+  20   0  582280 310748    492 R 26.3
   30 root      20   0       0      0      0 S 10.5
 1935 alyonas+  20   0 2994028  63824   8104 R  5.3
    1 root      20   0  193820    676    152 S  0.0
    2 root      20   0       0      0      0 S  0.0
    4 root       0 -20       0      0      0 S  0.0
    5 root      20   0       0      0      0 S  0.0
    6 root      20   0       0      0      0 S  0.0
    7 root      rt   0       0      0      0 S  0.0
    8 root      20   0       0      0      0 S  0.0
    9 root      20   0       0      0      0 S  0.0
   10 root       0 -20       0      0      0 S  0.0
   11 root      rt   0       0      0      0 S  0.0
   13 root      20   0       0      0      0 S  0.0
   14 root       0 -20       0      0      0 S  0.0
   15 root      20   0       0      0      0 S  0.0
   16 root       0 -20       0      0      0 S  0.0
   17 root       0 -20       0      0      0 S  0.0
   18 root       0 -20       0      0      0 S  0.0
   19 root       0 -20       0      0      0 S  0.0
   20 root       0 -20       0      0      0 S  0.0
   21 root       0 -20       0      0      0 S  0.0
   22 root       0 -20       0      0      0 S  0.0
   23 root       0 -20       0      0      0 S  0.0
   24 root       0 -20       0      0      0 S  0.0
   31 root      25   5       0      0      0 S  0.0
   32 root      39  19       0      0      0 S  0.0
   33 root       0 -20       0      0      0 S  0.0
   41 root       0 -20       0      0      0 S  0.0
   43 root       0 -20       0      0      0 S  0.0
   44 root       0 -20       0      0      0 S  0.0
   45 root       0 -20       0      0      0 S  0.0
   46 root       0 -20       0      0      0 S  0.0
   60 root       0 -20       0      0      0 S  0.0
   95 root      20   0       0      0      0 S  0.0
  281 root       0 -20       0      0      0 S  0.0
  284 root      20   0       0      0      0 S  0.0
  286 root       0 -20       0      0      0 S  0.0
  287 root      20   0       0      0      0 S  0.0
  288 root       0 -20       0      0      0 S  0.0
  289 root      20   0       0      0      0 S  0.0
  291 root      20   0       0      0      0 S  0.0
  292 root       0 -20       0      0      0 S  0.0
  293 root     -51   0       0      0      0 S  0.0
  295 root       0 -20       0      0      0 S  0.0
  322 root       0 -20       0      0      0 S  0.0
  369 root       0 -20       0      0      0 S  0.0
  370 root       0 -20       0      0      0 S  0.0
  379 root       0 -20       0      0      0 S  0.0
  380 root       0 -20       0      0      0 S  0.0
  393 root       0 -20       0      0      0 S  0.0
  394 root       0 -20       0      0      0 S  0.0
  395 root       0 -20       0      0      0 S  0.0
  396 root       0 -20       0      0      0 S  0.0
  397 root       0 -20       0      0      0 S  0.0
  398 root       0 -20       0      0      0 S  0.0
  399 root       0 -20       0      0      0 S  0.0
  400 root       0 -20       0      0      0 S  0.0
  401 root       0 -20       0      0      0 S  0.0
  402 root       0 -20       0      0      0 S  0.0
  403 root      20   0       0      0      0 S  0.0
  486 root      20   0   37596    868    848 S  0.0
  503 root      20   0  127376      0      0 S  0.0
  523 root      20   0   48900    504    204 S  0.0
  601 root       0 -20       0      0      0 S  0.0
  603 root       0 -20       0      0      0 S  0.0
  605 root       0 -20       0      0      0 S  0.0
  607 root       0 -20       0      0      0 S  0.0
  608 root       0 -20       0      0      0 S  0.0
  610 root       0 -20       0      0      0 S  0.0
  612 root       0 -20       0      0      0 S  0.0
  615 root      20   0       0      0      0 S  0.0
  658 root      16  -4   55532     32      0 S  0.0
  660 root      12  -8   84556     20      0 S  0.0
  662 root      16  -4   55620    100     92 S  0.0
  664 root       0 -20       0      0      0 S  0.0
  665 root       0 -20       0      0      0 S  0.0
  686 root      39  19   16900    332    136 S  0.0
  687 rpc       20   0   69256     84     32 S  0.0
  688 rtkit     21   1  198784     60     48 S  0.0
  692 root      20   0   26480    152    148 S  0.0
  695 dbus      20   0   70268   1444      0 S  0.0
  698 root      20   0  201428     32      0 S  0.0
  709 root      20   0  396488     20     20 S  0.0
  711 polkitd   20   0  616568    560    268 S  0.0
  712 root      20   0  228176    104    104 S  0.0
  713 root      20   0  225840    184    184 S  0.0
  721 root      20   0  451400    328    208 S  0.0
  722 root      20   0   90568    120    120 R  0.0
  724 root      20   0  225840    184    184 S  0.0
  727 root      20   0   52880    120    120 S  0.0
  729 root      20   0  430628    164    164 S  0.0
  730 libstor+  20   0    8580      0      0 S  0.0
  733 avahi     20   0   62272      8      8 S  0.0
  745 avahi     20   0   62140      0      0 S  0.0
  762 root      20   0  358740    212    212 S  0.0
  768 root      20   0  115408    312    304 S  0.0
  800 root      20   0  490036    204    172 S  0.0
 1046 root      20   0  198072     76     72 S  0.0
 1047 root      20   0  216680    712    660 S  0.0
 1051 root      20   0  574288    640    176 S  0.0
 1054 root      20   0  112900    108    108 S  0.0
 1066 root      20   0 1006580    200     12 S  0.0
 1076 root      20   0  481408    208    208 S  0.0
 1079 root      20   0   25908     20     20 S  0.0
 1081 root      20   0  126384     84     72 S  0.0
 1311 nobody    20   0   53876     88     88 S  0.0
 1312 root      20   0   53848      0      0 S  0.0
 1360 root      20   0  327800  19248   8732 S  0.0
 1435 root      20   0   91792     76      4 S  0.0
 1438 postfix   20   0   91896    184    136 S  0.0
 1439 postfix   20   0   91964      4      4 S  0.0
 1523 root      20   0  430376    616    140 S  0.0
 1576 root      20   0  398680    432    212 S  0.0
 1578 root      20   0  487556    392    240 S  0.0
 1590 root      20   0   78660    140     88 S  0.0
 1672 colord    20   0  419560      0      0 S  0.0
 1733 root      20   0  387976     40      0 S  0.0
 1746 alyonas+  20   0  317428     16     16 S  0.0
 1751 alyonas+  20   0  671556    444     92 S  0.0
 1760 alyonas+  20   0   59016      0      0 S  0.0
 1761 alyonas+  20   0   69316    808     96 S  0.0
 1788 alyonas+  20   0  286172    172    172 S  0.0
 1792 alyonas+  20   0  388760    272    272 S  0.0
 1799 alyonas+  20   0  417828      0      0 S  0.0
 1880 alyonas+  20   0   72472     44      0 S  0.0
 1898 alyonas+  20   0  346828    140    140 S  0.0
 1903 alyonas+  20   0   68392    152      0 S  0.0
 1908 alyonas+  20   0  233104    160      0 S  0.0
 1945 alyonas+   9 -11 1285496    248    248 S  0.0
 1960 alyonas+  20   0  453136    260    156 S  0.0
 1964 alyonas+  20   0  375964    176    176 S  0.0
 1968 alyonas+  20   0  464812      0      0 S  0.0
 1972 alyonas+  20   0  375964      8      8 S  0.0
 1980 alyonas+  20   0  364704      0      0 S  0.0
 1984 alyonas+  20   0 1219956     68     68 S  0.0
 1991 geoclue   20   0  429136     68     64 S  0.0
 1995 alyonas+  20   0 1290524    200    200 S  0.0
 2007 alyonas+  20   0  411760    236    236 S  0.0
 2009 alyonas+  20   0  415772      0      0 S  0.0
 2019 alyonas+  20   0  925832    128    128 S  0.0
 2020 alyonas+  20   0  400692      0      0 S  0.0
 2030 alyonas+  20   0  391600      0      0 S  0.0
 2038 alyonas+  20   0  373968    148    128 S  0.0
 2052 alyonas+  20   0  527692    168      0 S  0.0
 2080 alyonas+  20   0  478512     20     20 S  0.0
 2090 alyonas+  20   0  705428   1256    352 S  0.0
 2091 alyonas+  20   0  187520    252    244 S  0.0
 2092 alyonas+  20   0  439168      0      0 S  0.0
 2098 alyonas+  20   0  538872      0      0 S  0.0
 2099 alyonas+  20   0  317860     40     40 S  0.0
 2101 alyonas+  20   0  374184      0      0 S  0.0
 2110 alyonas+  20   0  559092     16     16 S  0.0
 2113 alyonas+  20   0  454992    184    184 S  0.0
 2120 alyonas+  20   0  615232      0      0 S  0.0
 2123 alyonas+  20   0  622980      8      0 S  0.0
 2129 alyonas+  20   0  472232      0      0 S  0.0
 2142 alyonas+  20   0  376492      0      0 S  0.0
 2145 alyonas+  20   0  464428      0      0 S  0.0
 2147 alyonas+  20   0  714076    684    176 S  0.0
 2149 alyonas+  20   0  541532     40     40 S  0.0
 2150 alyonas+  20   0  463512     88     88 S  0.0
 2155 alyonas+  20   0  614248      0      0 S  0.0
 2162 alyonas+  20   0 1011840    732     16 S  0.0
 2163 alyonas+  20   0  376496     52     52 S  0.0
 2167 alyonas+  20   0  456952     80     80 S  0.0
 2194 alyonas+  20   0  608604    184    184 S  0.0
 2207 alyonas+  20   0 1023020   3312    120 S  0.0
 2216 alyonas+  20   0  464768     16      0 S  0.0
 2233 alyonas+  20   0 1108404   1252    148 S  0.0
 2239 alyonas+  20   0  273068    152    152 S  0.0
 2243 alyonas+  20   0  309984      0      0 S  0.0
 2249 alyonas+  20   0  529976    256    216 S  0.0
 2251 alyonas+  20   0 1492672    308    268 S  0.0
 2264 alyonas+  39  19  660724     96      0 S  0.0
 2268 alyonas+  39  19  640644    196    196 S  0.0
 2273 alyonas+  39  19  649240    836    164 S  0.0
 2277 alyonas+  39  19  561956    132    132 S  0.0
 2304 alyonas+  20   0 1359160    208    208 S  0.0
 2308 alyonas+  20   0  656460   3048      0 S  0.0
 2309 alyonas+  20   0 1026036   6724    688 R  0.0
 2325 alyonas+  20   0  302300    128    128 S  0.0
 2346 alyonas+  20   0  462360     96     96 S  0.0
 2382 alyonas+  20   0 1559880      0      0 S  0.0
 2427 alyonas+  20   0 1344572    208    208 S  0.0
 2495 alyonas+  20   0 1489012     28     28 S  0.0
 2515 root      20   0  586124    216      0 S  0.0
 6199 alyonas+  20   0  745164   7000   3520 R  0.0
 6205 alyonas+  20   0    8536     88     88 S  0.0
 6207 alyonas+  20   0  116848    408    408 S  0.0
 6284 root      20   0       0      0      0 S  0.0
 6287 alyonas+  20   0  921496   4908   1304 R  0.0
 6405 alyonas+  20   0  616612    188    188 S  0.0
 6433 alyonas+  20   0  493644    112    112 S  0.0
 6482 root      20   0       0      0      0 R  0.0
 6615 root      20   0       0      0      0 S  0.0
 6659 root      20   0       0      0      0 S  0.0
 6703 alyonas+  20   0  116848    384    384 S  0.0
 6721 root      20   0  350492    196    196 S  0.0
 6772 alyonas+  20   0  113284    588    448 S  0.0
 6861 alyonas+  20   0  162100    944    524 S  0.0
 6890 root      20   0  108052      0      0 S  0.0
 7081 alyonas+  20   0  162100   2088   1476 R  0.0
